########################## CODIFICACAO ##########################
CODIFICACAO ETAPA1
   Mensagem: ola
   modo: MODO_BYTE 4

CODIFICACAO ETAPA2
   Modo erro: H
   Version 1

CODIFICACAO ETAPA3 
   indicador de modo: 0100

CODIFICACAO ETAPA4 
   quantidade de bits :8   00000011
   strings concatendas: 010000000011

CODIFICACAO ETAPA5
   [o  111 ] 01101111
   [l  108 ] 01101100
   [a  97 ] 01100001
   numeros convertidos 011011110110110001100001
   str bits 010000000011011011110110110001100001
fim da etapa 5
ETAPA 6
   N de palavras chaves: 9
   strbits : 0100000000110110111101101100011000010000
   tamanho : 40
   adicionando 236 17 , strbits : 01000000 00110110 11110110 11000110 00010000 11101100 00010001 11101100 00010001 
__________________________________________________________________________________________________


ETAPA 1: pegar dados da tabela:
    BLOCLOS -> Gp1: 1 , Gp2: 0
    Palavras em cada bloco ->Gp1 :9 ,Gp2 :0

CORRECAO_ETAPA8
   tamanhoDa_msgNumbers: 9
   numero de bytesCorretoresPorBloco 17

 str bits agr : 
     01000000 00110110 11110110 11000110 00010000 11101100 00010001 11101100 00010001 

    msg Numbers: 
     64 54 246 198 16 236 17 236 17 


______codigos corretores______ :
       142 42 191 216 93 194 135 191 199 18 200 73 194 53 239 81 47 

_________________________________________________________________________________________
ESTRUTURA DA MENSAGEM{
  ETAPA 1:
    STR Value FINAL:
      64 54 246 198 16 236 17 236 17 142 42 191 216 93 194 135 191 199 18 200 73 194 53 239 81 47 
    STR bits FINAL+bits remanecentes:
      01000000 00110110 11110110 11000110 00010000 11101100 00010001 11101100 00010001 10001110 00101010 10111111 11011000 01011101 11000010 10000111 10111111 11000111 00010010 11001000 01001001 11000010 00110101 11101111 01010001 00101111 

________________posicionando na matriz __________________

   Etapa 1: 
     Tamanho da matriz : 21

   ####saida na ETAPA1
3 3 3 3 3 3 3               3 3 3 3 3 3 3 
3 6 6 6 6 6 3               3 6 6 6 6 6 3 
3 6 3 3 3 6 3               3 6 3 3 3 6 3 
3 6 3 3 3 6 3               3 6 3 3 3 6 3 
3 6 3 3 3 6 3               3 6 3 3 3 6 3 
3 6 6 6 6 6 3               3 6 6 6 6 6 3 
3 3 3 3 3 3 3               3 3 3 3 3 3 3 
                                          
                                          
                                          
                                          
                                          
                                          
                                          
3 3 3 3 3 3 3                             
3 6 6 6 6 6 3                             
3 6 3 3 3 6 3                             
3 6 3 3 3 6 3                             
3 6 3 3 3 6 3                             
3 6 6 6 6 6 3                             
3 3 3 3 3 3 3                             


   ####saida na Etapa2:
3 3 3 3 3 3 3 4           4 3 3 3 3 3 3 3 
3 6 6 6 6 6 3 4           4 3 6 6 6 6 6 3 
3 6 3 3 3 6 3 4           4 3 6 3 3 3 6 3 
3 6 3 3 3 6 3 4           4 3 6 3 3 3 6 3 
3 6 3 3 3 6 3 4           4 3 6 3 3 3 6 3 
3 6 6 6 6 6 3 4           4 3 6 6 6 6 6 3 
3 3 3 3 3 3 3 4           4 3 3 3 3 3 3 3 
4 4 4 4 4 4 4 4           4 4 4 4 4 4 4 4 
                                          
                                          
                                          
                                          
                                          
4 4 4 4 4 4 4 4                           
3 3 3 3 3 3 3 4                           
3 6 6 6 6 6 3 4                           
3 6 3 3 3 6 3 4                           
3 6 3 3 3 6 3 4                           
3 6 3 3 3 6 3 4                           
3 6 6 6 6 6 3 4                           
3 3 3 3 3 3 3 4                           


   ####saida na Etapa3:
3 3 3 3 3 3 3 4           4 3 3 3 3 3 3 3 
3 6 6 6 6 6 3 4           4 3 6 6 6 6 6 3 
3 6 3 3 3 6 3 4           4 3 6 3 3 3 6 3 
3 6 3 3 3 6 3 4           4 3 6 3 3 3 6 3 
3 6 3 3 3 6 3 4           4 3 6 3 3 3 6 3 
3 6 6 6 6 6 3 4           4 3 6 6 6 6 6 3 
3 3 3 3 3 3 3 4           4 3 3 3 3 3 3 3 
4 4 4 4 4 4 4 4           4 4 4 4 4 4 4 4 
                                          
                                          
                                          
                                          
                                          
4 4 4 4 4 4 4 4                           
3 3 3 3 3 3 3 4                           
3 6 6 6 6 6 3 4                           
3 6 3 3 3 6 3 4                           
3 6 3 3 3 6 3 4                           
3 6 3 3 3 6 3 4                           
3 6 6 6 6 6 3 4                           
3 3 3 3 3 3 3 4                           


   ####saida na Etapa4:
3 3 3 3 3 3 3 4           4 3 3 3 3 3 3 3 
3 6 6 6 6 6 3 4           4 3 6 6 6 6 6 3 
3 6 3 3 3 6 3 4           4 3 6 3 3 3 6 3 
3 6 3 3 3 6 3 4           4 3 6 3 3 3 6 3 
3 6 3 3 3 6 3 4           4 3 6 3 3 3 6 3 
3 6 6 6 6 6 3 4           4 3 6 6 6 6 6 3 
3 3 3 3 3 3 3 4 3 6 3 6 3 4 3 3 3 3 3 3 3 
4 4 4 4 4 4 4 4           4 4 4 4 4 4 4 4 
            5                             
            2                             
            5                             
            2                             
            5                             
4 4 4 4 4 4 4 4                           
3 3 3 3 3 3 3 4                           
3 6 6 6 6 6 3 4                           
3 6 3 3 3 6 3 4                           
3 6 3 3 3 6 3 4                           
3 6 3 3 3 6 3 4                           
3 6 6 6 6 6 3 4                           
3 3 3 3 3 3 3 4                           


   ####saida na Etapa5:
3 3 3 3 3 3 3 4 9         4 3 3 3 3 3 3 3 
3 6 6 6 6 6 3 4 9         4 3 6 6 6 6 6 3 
3 6 3 3 3 6 3 4 9         4 3 6 3 3 3 6 3 
3 6 3 3 3 6 3 4 9         4 3 6 3 3 3 6 3 
3 6 3 3 3 6 3 4 9         4 3 6 3 3 3 6 3 
3 6 6 6 6 6 3 4 9         4 3 6 6 6 6 6 3 
3 3 3 3 3 3 3 4 3 6 3 6 3 4 3 3 3 3 3 3 3 
4 4 4 4 4 4 4 4 9         4 4 4 4 4 4 4 4 
9 9 9 9 9 9 5 9 9         9 9 9 9 9 9 9 9 
            2                             
            5                             
            2                             
            5                             
4 4 4 4 4 4 4 4 3                         
3 3 3 3 3 3 3 4 9                         
3 6 6 6 6 6 3 4 9                         
3 6 3 3 3 6 3 4 9                         
3 6 3 3 3 6 3 4 9                         
3 6 3 3 3 6 3 4 9                         
3 6 6 6 6 6 3 4 9                         
3 3 3 3 3 3 3 4 9                         


   ####saida na Etapa6:
3 3 3 3 3 3 3 4 9 49 49 49 49 4 3 3 3 3 3 3 3 
3 6 6 6 6 6 3 4 9 48 48 49 49 4 3 6 6 6 6 6 3 
3 6 3 3 3 6 3 4 9 49 48 49 49 4 3 6 3 3 3 6 3 
3 6 3 3 3 6 3 4 9 49 49 48 49 4 3 6 3 3 3 6 3 
3 6 3 3 3 6 3 4 9 48 48 49 49 4 3 6 3 3 3 6 3 
3 6 6 6 6 6 3 4 9 49 48 49 48 4 3 6 6 6 6 6 3 
3 3 3 3 3 3 3 4 3 6 3 6 3 4 3 3 3 3 3 3 3 
4 4 4 4 4 4 4 4 9 48 48 48 48 4 4 4 4 4 4 4 4 
9 9 9 9 9 9 5 9 9 48 49 48 49 9 9 9 9 9 9 9 9 
49 48 48 49 48 49 2 49 48 49 49 48 49 48 49 49 48 49 49 48 49 
49 49 48 49 48 49 5 49 48 48 48 48 48 48 48 48 48 48 48 49 48 
49 48 48 49 49 49 2 49 49 48 49 48 48 49 49 49 48 49 48 49 49 
49 48 49 49 49 48 5 48 48 48 48 49 49 48 49 48 48 48 49 49 49 
4 4 4 4 4 4 4 4 3 49 48 49 48 48 48 48 48 48 48 48 49 
3 3 3 3 3 3 3 4 9 48 48 49 49 48 49 49 49 49 48 49 48 
3 6 6 6 6 6 3 4 9 48 49 49 48 48 49 48 49 48 48 49 49 
3 6 3 3 3 6 3 4 9 49 48 49 48 48 49 49 49 48 48 48 48 
3 6 3 3 3 6 3 4 9 49 49 48 48 48 49 49 48 49 49 48 48 
3 6 3 3 3 6 3 4 9 48 48 48 49 49 49 48 48 48 49 48 48 
3 6 6 6 6 6 3 4 9 48 48 49 48 49 49 49 48 49 49 48 48 
3 3 3 3 3 3 3 4 9 48 49 49 49 49 49 48 48 48 48 49 48 


   ####saida FINAL da posiconar Matriz:


_______________________Mascarar_____________________________ 


   Mascara 0
    Penalidade 1: 21
    Penalidade 2: 147
    Penalidade 3: 0
    Penalidade 4: 90
    Penalidade total : 258

   Mascara 1
    Penalidade 1: 21
    Penalidade 2: 135
    Penalidade 3: 0
    Penalidade 4: 90
    Penalidade total : 246

   Mascara 2
    Penalidade 1: 21
    Penalidade 2: 117
    Penalidade 3: 0
    Penalidade 4: 90
    Penalidade total : 228

   Mascara 3
    Penalidade 1: 21
    Penalidade 2: 120
    Penalidade 3: 0
    Penalidade 4: 90
    Penalidade total : 231

   Mascara 4
    Penalidade 1: 21
    Penalidade 2: 123
    Penalidade 3: 0
    Penalidade 4: 90
    Penalidade total : 234

   Mascara 5
    Penalidade 1: 21
    Penalidade 2: 141
    Penalidade 3: 0
    Penalidade 4: 90
    Penalidade total : 252

   Mascara 6
    Penalidade 1: 21
    Penalidade 2: 159
    Penalidade 3: 0
    Penalidade 4: 90
    Penalidade total : 270

   Mascara 7
    Penalidade 1: 21
    Penalidade 2: 132
    Penalidade 3: 0
    Penalidade 4: 90
    Penalidade total : 243
____Melhor mascara: 2
inserir str FORMAT
      nivel de correcao = H , versao 1
         
escolhendo o nivem para : 72 H
   
  codigo = 7399

  STR = 001110011100111

strFormat : 001110011100111

0 0 0 0 0 0 0 1 0 1 0 0 1 1 0 0 0 0 0 0 0 0 1 1 1 1 1 0 1 0 0 1 0 1 1 0 1 1 1 1 1 0 0 1 0 0 0 1 0 1 0 1 1 0 1 1 0 1 0 0 0 1 0 0 1 0 0 0 1 0 1 1 1 0 1 1 1 0 1 0 0 0 1 0 0 1 0 0 0 1 0 1 1 0 1 0 1 1 0 1 0 0 0 1 0 0 1 1 1 1 1 0 1 0 1 1 0 0 1 0 1 1 1 1 1 0 0 0 0 0 0 0 0 1 0 1 0 1 0 1 0 0 0 0 0 0 0 1 1 1 1 1 1 1 1 0 0 1 1 0 1 1 1 1 1 1 1 1 1 1 0 0 0 1 0 1 0 0 0 1 1 0 0 0 1 1 0 0 0 1 1 1 1 1 0 1 0 1 1 0 1 1 1 0 1 1 0 1 1 0 1 0 1 1 1 0 0 0 1 0 1 1 0 1 1 0 1 1 0 0 1 1 1 1 1 0 0 1 0 0 0 0 1 0 0 0 1 1 0 0 0 0 1 1 0 1 0 1 0 1 1 0 1 0 1 1 0 0 1 1 1 0 0 1 1 1 1 1 1 1 1 0 1 1 0 0 1 1 0 1 1 0 1 0 0 0 0 0 0 0 0 1 1 0 1 0 1 1 0 1 0 0 0 0 1 0 1 1 1 1 1 0 1 1 0 0 0 0 1 0 0 0 1 0 0 0 0 1 0 0 0 1 0 1 0 1 1 0 0 1 0 1 0 1 0 1 1 0 1 0 0 0 1 0 1 0 1 0 1 0 1 0 1 1 0 1 1 1 0 1 0 0 0 1 0 1 0 0 1 1 1 0 0 0 1 1 1 1 1 0 1 1 1 1 1 0 1 1 0 1 0 0 0 0 1 1 0 1 1 1 0 0 0 0 0 0 0 1 1 0 0 0 1 0 0 0 1 1 0 0 1 
